"you_index","","","","","","","","","","","","","","","","","","","","","","","","","","","","","","","","","","","","","","","","","","","","","","","","","","","","","","","","","","","","","","","","","","","","","","","","","","","","","","","","","","","","","","","","","","","","","","","","","","","","","",""
1,1,0.024611318984945,0.00757436465705073,0.000317429401610229,0.0023307197899711,-0.00653883147191179,-0.00923829650391816,-0.0203547284635119,0.00307914658944421,-0.000209923888872182,-0.00231887103762067,0.0055849517977064,-0.00744792044553009,-0.00252521438184407,0.0154147183321269,-0.0115810967346304,-0.0155860973051407,0.00743438378271768,0.00683472896886589,0.0064313431151111,-0.0107549239172198,0.00264056629282075,0.0148410869359338,-0.00537152847221814,0.0149277518927984,0.019679449156285,-0.0114056260674173,0.00903021464896027,-0.0155959962090466,0.00425820788576956,-0.0104264795926236,0.00333467312035065,0.00351824286186204,0.00909332625230654,-0.00589488622249084,-0.00666549237940892,0.00302227500132809,-0.00271136983098321,0.0116041052819551,-0.00908895198074809,-0.00286744612385459,-0.00140120273382909,-0.00152868154282237,-0.000396495882406951,0.00348669658203774,0.00442594920527959,-0.0129105785359007,0.000251497969592998,-0.0170127186694684,-0.0189950730465538,0.0211015505435759,0.00312790345449672,0.0145435344773937,0.0105351692828352,0.00468142121245377,0.0328638610104751,0.0101544075653782,0.000507491662843751,-0.00386391294545194,0.0428085469707007,0.0419969872513644,-0.00282126383138602,0.0481573104123628,0.00694950314600238,-0.0132989281125296,-0.00847656365273217,-0.0172850984872631,-0.00849367395434157,0.0236742536309532,0.0194547102476668,-0.00323071451067687,0.00721435261478154,0.00473001145920426,0.0134534732160456,-0.0124611755657335,-0.00524376284097072,0.0201115240489632,-0.00676160140801965,-0.00618644140669967,0.0112041181803863,-0.0128172891453076,-0.0115517650684661,-0.0132224154714853,-0.018213900994979,-0.0026745544589658,-0.00274162322469801,-0.00220717788971441,-0.00118041512962219,-0.00566209349798133,-0.00580260679699503,-0.00311616487625452,0.00148465441152806,0.00324864386701814,-0.00811282879081478,-0.00149484599863642,-0.00417691938390106,-0.00568650259070505,0.00228592118173404,-0.00304711242454379,-0.00481786786181556,0.00936138537703059,0.00572969727782308
2,0.024611318984945,1,0.00973566173425297,-6.91575635455442e-05,0.00106717725064859,-0.00163561132790831,-0.00473269002650728,-0.013291803847029,-0.00050026515406662,-0.000167045731365097,-0.00174314439256955,0.00219712426245003,0.0026786760631791,-0.00415759803437175,0.0120794099320519,-0.000480961248645872,-0.0139064211070118,0.00813545505405645,0.00440488329927835,0.000633996163638201,-0.00701220509794639,0.00390979082565195,0.00822423569511466,-0.00807218009512159,0.0107336817416585,0.0100228979047181,-0.012794526349399,0.00737018900484761,-0.00883325107907509,0.0089323730323173,-0.00990871184827192,0.00178756333497358,0.000732969890660506,0.0060653791909164,-0.00451028122462985,-0.0062186971815973,0.00319683738026383,0.000907790843803026,0.00908394784275476,-0.00486057396914179,5.54423284562168e-05,-0.00142791778717297,-0.000157715268223246,-0.000577387838542348,-0.000857638381858101,0.00393811901152863,-0.00773516688838602,-0.00183833481796962,-0.00859147530527558,-0.0100798579888655,0.00989077473414351,0.00472353637406388,0.00785762077246318,0.00416335318627324,0.00475068937257157,0.0231616163791994,0.00753531597650161,0.0019555650211378,-0.000700669868372254,0.0294057989990169,0.0293689455263868,-0.00369815598272516,0.0323309450429263,-0.00110656512619387,-0.00638019874593401,-0.00278531831520518,-0.00767511883760782,-0.00196123894139567,0.0134337972697448,0.0124814360367678,-0.00370419259369323,0.00424231916640826,0.000717088647001572,0.00519755804827137,-0.010705317139738,-0.00546507078580204,0.0114831688864103,-0.00531422341610531,-0.00113694860110758,0.006752199190636,-0.00538007078760964,-0.00255316370519713,-0.00552765827808642,-0.00870334260341891,0.000162588899263572,-0.00369362184757364,-0.00433244580770303,-0.00096596559843466,0.000784419105263807,-0.0060588293436156,0.00170367483455967,0.00212060109847905,0.00440605543811231,-0.00248864611271016,0.00244689638124624,-0.00202463723708018,-0.00484624113595412,-0.000295037126148448,-0.00122780992586498,-0.0034469778616901,0.00358355549583858,0.000866326180899925
3,0.00757436465705073,0.00973566173425297,1,0.000117118894965647,0.00143469576075032,0.00228984323514639,-0.0064800738459391,-0.0117345493654313,-0.00555238288862163,0.00155455948079507,0.000577315713168975,0.0031849950149541,-0.000525155980358682,0.00336420222364932,0.00656213912289354,-2.75035992150969e-05,-0.00568678855994728,0.00915846472106189,-0.000108524204272041,0.000498073838773663,-0.00473581632840856,0.00179705638932668,0.00373207698064985,-0.00544687263162695,0.00800892744159299,0.00398604031550692,-0.00850974420835288,0.00712804094713206,-0.00792519771948995,0.00115217506121461,-0.00108774962401557,-0.00244569644528919,0.00391374483230756,0.00633871865593465,-0.000564733014663017,-0.00217256969290914,0.000914909589676665,0.000657039542642832,0.00726823216905386,0.00349254426404008,0.00186321821829399,-0.000458389421470536,0.00371126879578472,-0.00303158372683141,0.00035209905684301,0.00349830930200134,-0.00746633907080236,-0.000821177836402282,-0.00841110025147626,-0.00932888361733335,0.00548100958353798,0.00182511873292317,0.00546232506885401,0.00210671061025698,0.00322651662646489,0.0119784812585481,0.00277131945341266,-0.000239984476973497,0.00174440595822679,0.0123329528562389,0.0123749535008598,0.00133824611562664,0.0146183483443125,-0.00546561195237066,-0.00813521086200291,0.000770217492351635,-0.00114349506448854,0.00310659207329771,0.00796989786850448,0.00678202154109954,0.00198080761347073,-0.00142959159255594,-0.00207742657536016,0.00167572791114961,-0.00598910895340523,-0.00886781022554934,0.00343853784195233,-0.000728506266646226,-0.00099310874960061,0.00335738511525636,-0.00254957309253834,-0.00270286463396062,-0.00381503868749151,-0.00167680547965026,-0.00320220554625847,-0.00314176245689721,0.00381088725995755,-0.000141736371004134,-0.000449309762665424,-0.00379351609783513,0.00101944974702149,9.51515802825582e-05,0.00498175904904263,-0.00196218167656251,0.00486585004631867,-0.000548776430950696,-0.00218451991177618,0.000970911649925099,0.00116536012631548,-0.00343759434246236,-0.00367898240211226,0.00171988511718906
4,0.000317429401610229,-6.91575635455442e-05,0.000117118894965647,1,0.978670566634465,-0.00400500239292436,-4.9598002053817e-05,0.0044957702403174,0.00294009596891462,-0.000579779638644192,-0.000264137595009115,0.00345825086433013,0.00095674303065012,-0.0056835985911778,-0.000687066159933362,0.000472345556423321,0.00177700333365092,-0.00678729642190495,0.00256765539164345,0.00213702973926227,5.28750262835654e-05,0.00178615909056871,0.0021910306263854,-8.95302873004017e-06,-0.00226905674575417,-5.38998005425751e-05,0.00372081256318825,-0.00190919012770939,0.00230783235122849,0.000916200339525018,-0.00135929857871641,0.00531725062101629,0.000450879348352398,-0.000620186726429571,-0.00113691506074564,0.000399098116584307,0.000340867872797711,0.000768048225346398,-0.00398184285746388,-0.000866948635656931,-0.00307762857578283,-0.0013916280969722,-0.00247729350785163,-0.00140328621798421,0.00227389101890957,-0.00191576485229187,0.00333612612224831,0.00190355620577684,0.00513504191388749,0.00538675887290042,-0.00204653374566837,0.00170375197877399,-0.000388770644538601,-0.00252291556094485,-0.00400151141527345,-0.00629593092101828,-0.00155709020395291,-0.00371726854296214,-0.00134384690215422,-0.000774237531646463,-0.00108737078121595,-0.00100034905263383,-0.00080716225324571,0.0033738861166104,0.00286035286132082,-0.00440610251321533,0.000314019292622519,-0.000348031910465005,-0.00105001387797921,-0.00344183351278318,-0.00327136345840458,0.00118063346412983,0.00119639232866416,0.000504584749657524,0.00354918868931055,0.00547118231967506,0.00325955172974144,0.00182935323165848,-0.000486641212120993,0.00104256233437509,0.00233786053422719,-0.00289795575463706,0.00242401116921335,-0.0027148012856291,0.000358140494116116,0.000393408284233783,-0.00143913337756418,-0.00220414027992493,0.000334920233108505,0.00207044291315093,0.00102863943889889,0.000216545828985239,-0.00242650133936234,-0.00184980336489125,0.00132114695841127,-0.00442600472406309,-0.00193661825639442,-0.00209138867634171,-0.00152699785793233,-0.000399593343674773,0.00612995715586107,0.00306381322019464
5,0.0023307197899711,0.00106717725064859,0.00143469576075032,0.978670566634465,1,-0.00458510340883378,-0.000326058039280944,0.0037039902526317,0.00422696393651455,-0.000479587831089961,-0.000530715745721993,0.00374076878808685,0.000228478101323219,-0.00676737914403902,0.000803161994433782,-0.000254325696426841,0.000117386144089951,-0.00637940012165161,0.00305446945317698,0.00231897153670439,-0.000976066290337199,0.00158441528239492,0.00402615067072038,-0.000521493292320356,-0.00145181758973305,0.00215935687822982,0.00353137702945153,-0.00155346840714252,0.00135185824838601,0.00161921677020671,-0.00218544177390336,0.00568190385087635,0.000706208234652497,-0.000105634606631146,-0.00181204799649948,-0.0003748615741999,0.000724215331682649,0.00108082679991163,-0.00328590948690105,-0.00177957840666919,-0.00364932380216905,-0.00134659496245768,-0.00301081786148946,-0.00122416030023013,0.00221573558272043,-0.00226255751392817,0.00281120734390638,0.00246721734409767,0.00400463212751871,0.00393190326963778,-0.000116248290025131,0.00212806942345988,0.00120891290158399,-0.00156991359595001,-0.00341593332154839,-0.00384564191992024,-0.000639135725348154,-0.00382656424262595,-0.0014463342946521,0.00291403576982809,0.00249606235440011,-0.00119725881423459,0.0034449066876613,0.00432721651293915,0.00218608139656627,-0.00561108998589736,-0.0015848034931968,-0.00159457541370391,0.000726656930907879,-0.00215194397607828,-0.00369759010316239,0.00152414006307195,0.00171182062879518,0.00160738054289961,0.00261944662883957,0.00468075361996731,0.00545922785349279,0.00100896294821815,-0.00133825784100386,0.00227796288354802,0.00154778618754342,-0.00453334082438708,0.00147915434711852,-0.00431540478980783,0.000294258990749052,0.000171805040538765,-0.00166802305688758,-0.00178631678216284,0.000254975384302406,0.00201423679711592,0.000950022119738822,0.000184989937198779,-0.0025621386081269,-0.00297928446615159,0.00135819293888664,-0.0052360878503531,-0.0021302916316648,-0.00249874815193183,-0.00239560182270412,-0.000855690289636673,0.0073294921414981,0.0035802922421781
6,-0.00653883147191179,-0.00163561132790831,0.00228984323514639,-0.00400500239292436,-0.00458510340883378,1,-0.151125150727596,-0.148057254843068,-0.064332426028549,0.0198741926048521,-0.0148256318926018,-0.0212504552106141,-0.0224184777024285,0.0436776202362804,0.00678253773323356,-0.0146280934726485,0.00412938090989668,0.00321331857974336,0.00234563883154136,-0.000253503917816404,0.00452326864824291,-0.00278498235481128,-0.00823938158599061,0.00215652880438081,-0.00742442379870487,-0.00830913069227679,-0.00082562511427837,-0.00125050542105687,0.0022086380806013,-0.00132330672138012,0.00473469168119943,-0.00543729026865504,5.37152293668043e-05,-0.00313937689832578,0.000945619975273729,0.00383373774211787,0.0014665909840126,0.00237458111527742,0.00087418680789184,0.00867202610365831,0.00368281155798939,2.20260764010503e-05,0.00464796254348145,-0.000877155619388686,-0.00328871115318936,0.00462338948573627,2.5446677201066e-05,-0.000454214767926636,6.14981976239601e-05,0.00159841647546095,-0.00618434218889289,-0.00230410898336243,-0.00421966404695521,-0.00154812907360489,0.000629438202183231,-0.00878454074751768,0.00016758246759992,0.0010930109429943,0.00245320434756928,-0.0131459729448801,-0.0127192118443851,0.00396809975135346,-0.0145645547887512,-0.00736932114722511,0.004605508696273,0.00417191279203313,0.00829885429159253,0.00569741869636385,-0.00702013804113887,-0.00552281147197508,0.00327698541641316,-0.00287432233642157,-0.00295412707509509,-0.00697322108484068,-0.00014043252645663,-0.00346685586974118,-0.0108201956825775,0.00551977015111824,-0.0012098897992005,-0.00427842540605633,0.00340751105903108,0.00257532976198885,0.00441544797352162,0.0061573903752214,-0.0053124173621235,4.09036030632754e-05,0.00355405448396448,-5.98395737300887e-05,0.00537334616068163,-0.00163378736218043,0.00311467613783806,-0.00108336551872963,0.00118804163800199,0.00488742772435138,0.000447313296343939,0.0028406096751608,0.00149640479833679,0.00045953408838158,0.000465046370471548,-0.000767556600792009,-0.00840750682042154,-0.00275950766810258
7,-0.00923829650391816,-0.00473269002650728,-0.0064800738459391,-4.9598002053817e-05,-0.000326058039280944,-0.151125150727596,1,0.112818194646844,0.105489335083646,0.0495336240174993,-0.0031120179514516,-0.00287887013388527,0.0315121554887831,0.0112464124131844,-0.0272421715056493,0.0263168692355948,0.00711724365392307,-0.0124041747418405,0.000348164002772413,0.00233822319821916,0.00365997045377186,-0.000399822093637926,0.000229803643366601,0.000699182471647323,-0.00668229976996061,-0.00232093791043625,0.00884543702573196,-0.00490452079497038,0.00717098158827865,-0.00580399821523378,0.00338173818260536,0.00717241107768174,-0.00495004415101046,-0.0077627477706551,-0.00102249259187679,0.000460863522297775,-0.00521032807974341,-0.00133320840221099,-0.0103870584410567,-0.00295163427044258,-0.00175683639224267,0.000654838125200813,-0.00324240621894449,0.00484805805527624,-0.000787500025578749,-0.00449208550729226,0.0084103940784805,0.000172362874189189,0.00938458718688086,0.0103238166337216,-0.00601498430146943,0.000462907367782529,-0.0042658567930249,-0.00260904561197225,-0.00480426073137872,-0.00953717330764435,-0.00406449608622764,0.000412871553337366,-0.00164445728269835,-0.0118520583135647,-0.0118282447776294,0.000599653832568944,-0.0142850967449473,0.00293663375977704,0.00787187994878391,-0.00238808811078936,-0.000341344227730829,-0.00321502357811984,-0.00613441274931945,-0.00611922115139636,-0.000886109347930708,0.00356476002617455,0.00315637959773897,-0.000243513462742757,0.00660743762861157,0.0043037712541024,9.64954298901818e-06,0.00300732502749271,0.00218199837272323,-0.000681133640698412,0.00341939985375099,0.00607547716627632,0.00302663356160793,0.00197177677437146,0.00415892821075539,0.0023480241700158,-0.00116343424443326,-0.000356480176382855,-0.00140668405118758,0.00220528399901644,0.00118783652407981,-0.0024223572915544,-0.0032555245116398,-0.000407226389126584,-0.0018326720441118,-0.000121198127494215,0.00215134108757298,-2.25803350958232e-05,0.00264950027865168,0.00594156693497366,0.00393596888606208,0.00169250790919045
8,-0.0203547284635119,-0.013291803847029,-0.0117345493654313,0.0044957702403174,0.0037039902526317,-0.148057254843068,0.112818194646844,1,0.472709122499916,-0.00566653449673454,0.0760329920687476,0.017047252660122,-0.0113504858621013,0.0208894021898983,-0.0103181589953459,0.0214135446179269,0.0231710884094231,-0.0139652052014266,-0.00178869924723386,-0.00132640935633092,0.00955856705695415,-0.00432937369919659,-0.0140921606950484,0.00571863382288267,-0.0178030553568659,-0.0189414024683828,0.0128742892208517,-0.0124312163863053,0.0146446820946112,-0.0108827090030481,0.0130603743299172,0.00175712794745424,-0.0024690529073314,-0.0102729548592434,0.00247531803004898,0.00376424790851834,-0.00607469981883061,-0.000934978042101212,-0.0178624148425191,0.0103603181393323,-0.00345477446119081,0.00214979849580915,-0.00169109332932223,0.00268543205432834,-3.62022023335612e-05,-0.000555925293150632,0.0142413953526602,-0.00153515023670702,0.0178500092345855,0.0211305975544246,-0.019583920965976,-0.00300510043881478,-0.0141995394972309,-0.0117357377211018,-0.00647715571725969,-0.0345417468837936,-0.0140366258163227,-0.000386475921537419,0.00270432846310896,-0.0399978484118597,-0.0393481882233337,0.000956228947450687,-0.0447165110857901,-0.000300714283677645,0.0148824163501444,0.00412218846586266,0.0104821036938656,0.000338215513511101,-0.0233683507448724,-0.0155783425519992,0.00126012097832053,-0.00513402050329975,-0.00131783185158616,-0.0114690499203822,0.0172776120810697,0.0112853027418472,-0.0151018720698542,0.00906273780394719,0.00617090892856312,-0.0108921041107263,0.0100173889719845,0.0110445371538157,0.0111702073505,0.0114686829138357,0.0051233752556584,0.00763535760931955,0.00259439815689722,0.00755821249261606,0.00051397897279105,0.00871033190704308,0.000972218175572082,-0.00342750728195704,-0.00889432440340582,0.00475888598447144,0.00222244134120472,0.000512545091405024,0.00701348663731518,-0.0011028887446053,0.00425228947809692,0.00680336056667744,-0.000614035402298076,-0.000556348886824741
9,0.00307914658944421,-0.00050026515406662,-0.00555238288862163,0.00294009596891462,0.00422696393651455,-0.064332426028549,0.105489335083646,0.472709122499916,1,-0.0024989625243187,0.0881244656339792,0.0432836281773567,-0.0373390264389268,0.0151782423904975,-0.0172530248624863,-0.00116159713452909,-0.00555915882042734,-0.00984529495851242,0.00435247014722212,0.00495207527389687,-0.0043588220880101,1.25511674096045e-05,0.00913836493415259,0.00452082175480515,0.00335342320692066,0.0128262573256294,0.00792811811518431,-0.00436969486118034,0.00123327617158253,-0.00519184557400985,-0.00313541209059982,0.00775341055854713,-0.00295709176223873,-0.00146717875896673,-0.00551588896861692,-0.00716214072519573,-0.00262069630865356,-0.00380323748842906,-0.00581188980300495,-0.00878975616826793,-0.00937866710473438,0.00516466522856875,-0.0059682333000302,0.00517211715923395,0.00428401136748554,-0.00586398220548951,0.00173902199534147,-0.00369092143223037,0.00314922755387564,0.00427156040915019,0.00280687313779126,0.00102647867411343,0.00162859158178665,-7.83810701096889e-05,-0.00162192867486005,0.00500416748174954,-0.00311908539397572,-0.000507332510572965,-0.00298127805622285,0.0101971390040517,0.0102624519237971,-0.00521042552265439,0.0123434572402825,0.00998092199476244,-0.0017319950884047,-0.00613296391378815,-0.0121487115514374,-0.0110022089366401,0.00222641578491581,0.0083446724778647,-0.000271834286888266,0.00714143921704961,0.0108957857643454,0.0113489832546221,0.00367203557178569,0.00640174459648408,0.0119588862316698,-0.00168372008367853,0.000812330955959616,0.00117799035665537,-0.00189421553399098,-0.00192085829694778,-0.00286356218153426,-0.00813385383406342,0.00675027756969131,0.00549100598347306,-0.00140042718854989,1.15876892460215e-06,-0.00361654717712711,-0.00307864076267226,-0.00170814040151139,-0.00116892489717268,-0.00358382769952401,-0.00861958049694941,0.00102507132265367,-0.00287492683067697,0.00170797531160089,-0.00278541691442758,-0.00155080701464937,0.00355455900706861,0.0108835839323348,0.00502287714849879
10,-0.000209923888872182,-0.000167045731365097,0.00155455948079507,-0.000579779638644192,-0.000479587831089961,0.0198741926048521,0.0495336240174993,-0.00566653449673454,-0.0024989625243187,1,-0.25091263890425,-0.0649781275863174,0.0955681950294667,0.136503051898519,-0.366011978020063,-0.186475410079904,-0.00144083282316468,0.00360153459471587,0.00155538964901381,-0.000209458514453254,0.00139077304171313,-0.000516509661672898,0.00100916114176216,-0.00168033004705275,-0.00138995136453462,0.00242789351404393,0.000880926893142931,0.00117644649620828,-0.00308943771413095,-0.00154340682662427,0.00289801834218041,-0.0009409873436789,0.00327269513132372,0.00419870202805914,-0.000472504453013833,0.00139644219908243,-0.00125761973738035,-0.000164200168723005,-0.0013395155223544,0.00117109888119039,-0.00389896668941981,-0.000325563040989926,-0.000500363970383376,0.00191858590050391,-0.000611734681836546,0.00271174676127492,0.00237380100817703,0.000150081598575797,0.00247292054896032,0.00283944764415471,0.00133023487477539,0.00279637132913664,0.000822861283625147,0.00170308032191266,0.00103432010869864,0.000367392849182496,0.00281716324599726,0.000516473025545037,0.000830676777127281,0.00425713439306157,0.00378323726022262,0.00305094738805964,0.00565910704971741,0.002819901327091,-0.000495300013895147,0.00124362035014823,0.00426545882816752,0.00300659993105118,0.00160810114578699,0.00131023295216983,0.00207137933761286,-0.00134985293916474,0.00102437794640211,0.000415963295274115,-0.00152671750274456,-0.00106930348881001,0.000206717565475782,3.20971252918761e-05,-0.000839745464372068,0.00555205113364285,0.0043394984957121,-0.00194170776401609,0.00397173181503277,-0.00066814932702966,0.00104874564578266,0.0003801656968128,0.00179715534510651,-0.000450451444213198,0.00116557571985914,0.00313795461378795,0.00254404697187436,0.00276095611745109,-0.00377865039543092,-0.000854599107051202,-0.000479433397917387,-0.00101395675610809,-0.000873831910765241,0.00080341054244828,0.00400556987659165,-0.00202830936413963,0.000877722308459876,-0.00185419350083502
11,-0.00231887103762067,-0.00174314439256955,0.000577315713168975,-0.000264137595009115,-0.000530715745721993,-0.0148256318926018,-0.0031120179514516,0.0760329920687476,0.0881244656339792,-0.25091263890425,1,0.33475278223537,-0.126405947046918,-0.0413407401340869,0.104884012727474,0.0797198382860487,0.00790517579364981,0.00418937094019659,-0.00677602113681775,-0.00620062534151081,0.00357193152140854,-0.00311748069508382,-0.00266638309684761,-0.00312455359654276,-0.00198575955968245,-0.00480760907779572,-0.00441364866967811,0.000945735757068501,0.00143699758199837,-0.00216575087590991,0.00493595908040788,-0.00503170872904461,0.00120377086309145,0.000545061946844719,0.00206629848903038,-0.0012501408165024,0.00077975262303977,-0.000809213723685227,0.000558306794711305,0.00438553824085831,0.00396002793119753,-0.000735383896617635,0.000815838255814953,-0.00155649310086295,-0.00203514336473111,0.0035498469819259,-0.00308827475138042,-0.00142757541622042,0.000145286621178255,-0.000406165167968915,-0.00309564647299686,-0.00326233249289423,-0.00277231774893592,-0.0027124871417477,0.000789890253489723,-0.00399557231511974,-0.00267364378693435,0.000923813749665018,-0.0010852497379655,-0.00670037991556132,-0.00645246175913647,-0.00166908824465546,-0.00643269886331291,-0.00389337579379769,0.00166585543411071,0.00215445876383804,0.00195133281892727,0.000630681071564394,-0.00266697773583964,-0.00611655017421811,0.00108541928758241,-0.00082611217152889,-0.00556235068477303,-0.00622572216913646,0.00243226810724171,-0.00160563173228191,-0.00745024004231965,0.00273412679697695,0.00130620793999118,-0.00342386806332265,-0.00144089152645643,-0.00120471043629317,-0.00102260276288481,0.00168273573530082,-0.00237244663670768,-0.00319939354020657,0.00245126353708697,0.00296626279139753,0.00597698880622806,-0.00075332595538736,-0.000828916971972079,0.000752360243415601,0.00244844568244122,0.00244242738040427,3.25710904790889e-05,0.000122104915001464,9.24352584017273e-05,-0.000381930102598412,0.00011708746951478,-0.00160212676446408,-0.00408699578860112,-0.00261798273877734
12,0.0055849517977064,0.00219712426245003,0.0031849950149541,0.00345825086433013,0.00374076878808685,-0.0212504552106141,-0.00287887013388527,0.017047252660122,0.0432836281773567,-0.0649781275863174,0.33475278223537,1,-0.14243205486551,-0.043167043755999,-0.115732258284767,-0.0314404011547799,-0.00375575848445443,0.0057294102372685,-0.000639425320846738,0.00107816520491395,-0.00353214476078035,-0.00129619389586816,0.00286600225804295,-0.00368318676326988,0.00247438783701278,0.00563114070154174,-0.00232500462606619,0.00254232891057135,-0.00364787649686942,0.00283423052509806,-0.0059629750461964,0.00168482404080911,0.000602816296260485,0.00418441197531766,-0.00101882215873483,-9.82129995764553e-05,0.00341729329494424,-9.55902470135499e-06,0.000656289751141158,-0.0012596977381581,-0.0058765495615311,0.00172065959817954,-0.00306400118887315,-0.000156785201602545,-0.000232525422156423,3.34438817644842e-05,-0.00266563491134536,-0.000790399742076682,-0.00251059106501094,-0.00358343363358843,0.00554021201763544,0.00222116361604957,0.00356626698802498,0.00116283933765797,5.19913656331051e-05,0.0079316672850933,0.00129472054506883,-0.00252175011433965,-0.000118493329197235,0.0163460591565484,0.0163780344764326,-0.00410718087860016,0.0177976702080636,0.00784283229479126,-0.00460829407266535,-0.00338096947241566,-0.00340663077454363,-0.000728758479050099,0.00425295012047255,0.00381153991055041,-0.00241388830910579,0.00172315529241645,0.00413619593066261,0.00639862619047193,-0.00205790335077143,-0.00138585650457908,0.00655581897752873,-0.000952891219694338,-0.00247243741402672,0.00300150086068125,-0.00385811342098707,-0.0074674385727487,-0.00427428826994954,-0.00706089893598897,-0.0021556125817381,-0.000645790668324053,-0.00125880285870738,-0.00171964893338447,-0.00138191708861661,-0.00425597571686,-0.000767191069466728,0.000921411013501501,-0.000401485386229586,-0.00350965166233275,0.00119954007720919,-0.00207639360772393,-0.00151840396596575,9.59830298899126e-05,-0.000247073669322037,-0.00296910150541258,0.00386438597404251,-0.000273319240718682
13,-0.00744792044553009,0.0026786760631791,-0.000525155980358682,0.00095674303065012,0.000228478101323219,-0.0224184777024285,0.0315121554887831,-0.0113504858621013,-0.0373390264389268,0.0955681950294667,-0.126405947046918,-0.14243205486551,1,-0.11254496370789,-0.297195815046129,0.543076833140384,0.00688196618004121,0.00819612311635948,0.000223373988145806,-0.00225522744688059,0.00490564212938781,-0.00108869106863184,-0.012804717058426,-0.003608626893863,-0.00290855615524123,-0.0148775026858937,-0.00420923742622531,0.000488705621125407,-0.000843217445897826,-0.00288953491306476,0.0105543566492466,-0.0102034850525631,0.00371527475379458,0.00038309839523379,0.00388877115390799,0.00646563003489595,0.000534548009133192,0.00488708129631089,0.00123399020868111,0.00655864069864358,0.00896947243421943,-0.00148525775504329,0.0078886541605856,-0.00273138625824574,-0.00565448003743453,0.00469953656153904,-0.00121333513648278,0.00213680841722297,0.00341891377546326,0.00223503437180648,-0.00531603960220647,-0.00415973927604596,-0.00757462473292392,-0.00373198046729329,0.00250401232842466,-0.0124143921099732,0.00155909698008018,0.00267223052859074,0.00338686509374858,-0.0199861298522789,-0.0196476130713618,0.00555408656559338,-0.0230993114571642,-0.0145726599372825,0.00331730203323325,0.00912064941691393,0.0173209683478757,0.0128766828501449,-0.00542435229114593,-0.00850736012425729,0.00387322773066663,-0.00998261960234276,-0.0130803955243222,-0.0173628549086465,0.000606739980225593,-0.00212009727295893,-0.0193703874299338,0.0057947210015346,-0.00175665990973106,-0.00449973505874576,0.00660494196105655,0.0111456865676316,0.00759998794783166,0.0096538205453109,-0.00314906311365331,-0.00388433506194311,0.00256209462083471,0.00182034726000045,0.00763843138546012,0.00477522247956958,0.00163894919232667,0.00176878143715544,0.000407310278775705,0.00892176807420286,0.00476813988113234,0.00645023521882693,0.00335602276077906,0.00115770490843462,0.00709702519357398,-0.00326102839285441,-0.0172286577723811,-0.00557932520217833
14,-0.00252521438184407,-0.00415759803437175,0.00336420222364932,-0.0056835985911778,-0.00676737914403902,0.0436776202362804,0.0112464124131844,0.0208894021898983,0.0151782423904975,0.136503051898519,-0.0413407401340869,-0.043167043755999,-0.11254496370789,1,-0.102858897749865,-0.175537956853914,0.00714099957267003,-0.00223596816071784,0.00303673155539808,0.00214274155729385,0.00357489708902528,-9.15809675933445e-05,-0.00652323910794159,-0.0011453885913711,-0.00362252008815819,-0.00447744841747208,-0.00228753368695152,-0.00247591430206242,0.00269351173848429,0.000608926700197211,0.002011619948534,-0.00596884769594001,-0.00249242266425013,-0.00294689437929739,-0.00111811391292622,0.00303504562842923,0.000185487090600399,0.00124432912802186,0.00137395292688524,0.00520316864054272,0.0017874181645037,-0.00237909658924937,0.00484526745600737,-0.00350605507414702,-0.000769838050238116,0.00288950648730388,-0.000873740958313247,-0.000864526015398761,0.00249275889632199,0.00327523494409271,-0.00756435203006935,-0.00044631180996921,-0.00537479929131912,-0.00188956862477503,-0.000414217281702862,-0.00689143883243633,0.000212568881989786,0.000977819612397754,0.00366817185379349,-0.00819540176859187,-0.00793479643367032,0.00337373946905452,-0.0101897647928572,-0.00466515209811367,-4.27564024144225e-05,0.00702641992028849,0.00824434934465854,0.00610876779235986,-0.00429638231390365,-0.00309569686348724,0.000499030359520717,4.58305567523167e-05,-0.00514799781265715,-0.00699725367146599,-0.00170547346181945,-0.000594400150740577,-0.00866629551628642,0.00262641829337808,0.000796509665263176,-0.0025833779463526,0.0028129674805922,0.00301518427840207,0.003136785619313,0.002356274634642,-0.00169437358787145,0.000998087850117981,0.0016262702684252,0.00314849773774812,0.00192545781341959,-0.00268648589152667,0.00101054558699823,0.00289132337835781,3.52117146120558e-05,0.00836196768265591,-0.00193428082365939,0.00407483254595439,-0.00047786045343898,0.00489071394072381,0.00329575978077377,0.00218890130245495,-0.00493288625875737,-0.00138347885416874
15,0.0154147183321269,0.0120794099320519,0.00656213912289354,-0.000687066159933362,0.000803161994433782,0.00678253773323356,-0.0272421715056493,-0.0103181589953459,-0.0172530248624863,-0.366011978020063,0.104884012727474,-0.115732258284767,-0.297195815046129,-0.102858897749865,1,0.385230502846739,-0.0115227977267505,0.012629173369237,-0.00187133531506431,-0.00152542464210153,-0.00859991879576446,0.00452849060753649,0.0109192252456712,-0.00782590498976254,0.0115049526352158,0.0126435899356973,-0.0133991287098873,0.0099252352211741,-0.0132760403379835,0.00591696212043521,-0.00713556089072305,-0.00623096003804189,0.00381034948579484,0.00737551982819668,-0.00273611139576295,-0.00354434717754016,0.00383007454281233,0.000894744291974331,0.0125088762620149,-0.00196414468730777,0.00406366069210135,-0.00289239342631846,0.0043582736879775,-0.00319622189808384,0.00325119362039112,0.00197322843427226,-0.0141022032527346,-0.00279041990047356,-0.0166901711786507,-0.0190363762074608,0.0168632796259743,-0.00152601577951497,0.0117225569860188,0.00828074836491919,0.00673213605459884,0.0248096164013966,0.00463469788661487,-0.000589656929478983,-0.000935400810252142,0.0300926104858561,0.0298073634659008,-0.00325882793012377,0.0349386665798809,0.00121952409591043,-0.0105651720937926,-0.00516690862318948,-0.0122642026021692,-0.00375592774017307,0.0176183601736853,0.0118305871433155,-0.00123475612236728,0.00221269840136892,-0.00250813185395351,0.00662881260484894,-0.0112115720784842,-0.00993536409523193,0.0122518479282512,-0.00490503591249497,-0.00624743073236905,0.00382484484498132,-0.00917402924883005,-0.00983207939117407,-0.00873800063544401,-0.0073753583247415,-0.00730043176742325,-0.00461195808764582,-0.00102505168211297,-0.000679006368780075,-0.0020765145699857,-0.00714386330902345,0.000563882605569463,0.00186929576260841,0.00664905022699596,-0.00255105842699121,0.00273430363981438,-0.000790984794987806,-0.00190757948217642,-0.00076825142922364,-0.00464457641624682,-0.00803077847518938,0.00151043941996564,0.00223379065695646
16,-0.0115810967346304,-0.000480961248645872,-2.75035992150969e-05,0.000472345556423321,-0.000254325696426841,-0.0146280934726485,0.0263168692355948,0.0214135446179269,-0.00116159713452909,-0.186475410079904,0.0797198382860487,-0.0314404011547799,0.543076833140384,-0.175537956853914,0.385230502846739,1,0.0144743895046549,0.0076396484204601,-0.00378213346210474,-0.00506891087524259,0.00806469878699759,-0.000823056807371303,-0.0161221014993561,-0.00449894272206012,-0.00877887409460083,-0.0215052155753839,-0.00404104328808557,-0.00176097859190187,0.00229944026851299,-0.00396376075630209,0.0135097298905489,-0.0138817956849272,0.00439129055430992,-0.00118122287004577,0.00788552065583437,0.00677023147107007,-0.000150346229368684,0.00681742518968705,-0.000775210385394741,0.0110920167151353,0.0142029193281804,-0.00258092087317286,0.0102411923290086,-0.00416988691672546,-0.00604119215570503,0.0066434154089648,-5.01239924464399e-05,0.00145297564786085,0.00380091920195349,0.0028453878258847,-0.00803448592225811,-0.00720718795097626,-0.00882476148118017,-0.00699533928201372,0.00160636773401456,-0.0205292220818286,-0.00141679899035311,0.00145663667461988,0.00366613492073755,-0.0309388719169856,-0.030012125384025,0.00653514183615865,-0.0349915254655925,-0.0186440370991117,0.00547948825635269,0.0120719359416223,0.021747080324001,0.0162573281618246,-0.0100533269482832,-0.0125229760526318,0.00453489917246925,-0.0116298285322112,-0.016607837412741,-0.0204667048293717,0.00334665149548331,-0.00271615984962507,-0.0254862814692941,0.0096751951011671,-0.000292318585727163,-0.0109334033391682,0.00703397791527816,0.0129264546631503,0.00907532343144227,0.0155754953142677,-0.00726999222676209,-0.00355356923285541,0.00244291349152493,0.00366565172531195,0.00978578028519125,0.00563842784899092,0.00462311476530313,0.00205123756667446,0.00060841965319147,0.0142901370810526,0.00657504353233038,0.00693037602496182,0.00600432430104366,0.00220607070046795,0.00576664606412957,-0.00581693296881387,-0.0182859404491911,-0.00623255931104796
17,-0.0155860973051407,-0.0139064211070118,-0.00568678855994728,0.00177700333365092,0.000117386144089951,0.00412938090989668,0.00711724365392307,0.0231710884094231,-0.00555915882042734,-0.00144083282316468,0.00790517579364981,-0.00375575848445443,0.00688196618004121,0.00714099957267003,-0.0115227977267505,0.0144743895046549,1,-0.0118572380271848,-0.00251315517199549,-0.0107981516296519,0.0139859245694451,0.000494814263169125,-0.0133550180485379,0.00484080204163235,-0.016510494414147,-0.0211919001314841,0.00446052931580482,-0.0103094888616801,0.0141313884478879,-0.00550913732922998,0.0132339580975868,-0.00195075953207602,-0.00109303912576515,-0.00770809662387337,0.00764638851544709,0.00539287918749061,0.000400717525851672,0.00485604395180886,-0.00959120957455456,0.0119445238326034,0.00300348748688609,-0.00229631499906857,0.00283847577342245,0.0015649652690003,-0.000769534738206431,0.00214268695495524,0.0125299474483234,0.000922303004443031,0.0115077328075125,0.0145521577778998,-0.0173972098117677,-0.0033919179427875,-0.0117097810142047,-0.00986389766955878,-0.00301707853203696,-0.0320918873521804,-0.0064842276406728,0.000297221564941279,0.00432294963899848,-0.0400060258192567,-0.039259149782344,0.00609424012400223,-0.0445857423194097,-0.0083986034994327,0.0130241265458472,0.00930692936498351,0.0216784664774404,0.0119258349531749,-0.0204129507756823,-0.0178070068384771,0.00344382118696747,-0.0078467275384973,-0.00911316982070366,-0.0167134717666237,0.0114146287267556,0.00725340472854692,-0.0213630654952069,0.0101439024755271,0.0027184208449665,-0.00748655093449878,0.0135589842313769,0.0122052851765583,0.0147841646232279,0.0177839444563307,0.00219868392578838,0.000910054918532188,0.00599493232089041,0.00425418533376997,0.00639759058422733,0.0124677729367055,0.00104917264915238,-0.00301689032570056,-0.00504792610086038,0.00805943874603475,0.00356391812760119,0.00015505889786715,0.00573770630171287,0.00113477881246279,0.00302661727548374,0.00119278844514237,-0.00704544106559524,-0.00342089767791366
18,0.00743438378271768,0.00813545505405645,0.00915846472106189,-0.00678729642190495,-0.00637940012165161,0.00321331857974336,-0.0124041747418405,-0.0139652052014266,-0.00984529495851242,0.00360153459471587,0.00418937094019659,0.0057294102372685,0.00819612311635948,-0.00223596816071784,0.012629173369237,0.0076396484204601,-0.0118572380271848,1,-0.143867460761744,-0.183098792866565,0.0121665961892761,-0.00936327333618076,-0.0250369221337949,-0.0108444040957593,0.00997841847364363,-0.00428942551244963,-0.0178479375513658,0.0129930413503688,-0.0130308618583023,0.00225668163163177,0.0020213095812823,-0.0165117605713043,0.00576400107699282,0.0102553572898434,0.00298624928678129,0.00220161610184189,0.0036273711031757,-0.00112581864590482,0.0122979879386303,0.0074756022526545,0.00302431869762469,-0.000651666720885336,0.0115600919441485,-0.00600429434612759,-0.000329081547520394,0.00866435223757212,-0.0153345615841716,0.00326839397907431,-0.0147500324025493,-0.017291028393501,0.00882396617598956,-0.00439032461760961,0.00632529055419787,0.00249081138867143,0.00455809686243655,0.0103797800376971,0.00499087676663532,-0.00157411470972691,0.000607331336166182,0.0174348188698503,0.0172969630731088,0.00251507110484223,0.019470444085246,-0.00822286269211324,-0.00833124411841056,0.00812557134209649,0.00954261320900617,0.0129168341936821,0.00746019382418949,-0.00014071172887683,0.00208875891752678,-0.00552000037667899,-0.0115265855227606,-0.00376505952722644,-0.0110575869793626,-0.01088549718354,-0.00702715093394479,0.000586719882063307,-0.00791008648036759,0.00231020374999,-0.00231638463600923,-0.0054679774307377,-0.00217392715277204,-0.00018142465293381,-0.00641099446289066,-0.00435260875176438,0.000798281505884924,0.000604678411168024,0.00425618968260784,-0.000611142168878579,0.000798518455148932,0.00555128268186985,0.0080754624587742,0.00631316996343229,0.00108544244032487,0.0030687597199859,-6.68496138105378e-05,0.00188299829872906,0.00180931432449228,-0.00875974704284039,-0.0124440815893614,-0.00427109907732366
19,0.00683472896886589,0.00440488329927835,-0.000108524204272041,0.00256765539164345,0.00305446945317698,0.00234563883154136,0.000348164002772413,-0.00178869924723386,0.00435247014722212,0.00155538964901381,-0.00677602113681775,-0.000639425320846738,0.000223373988145806,0.00303673155539808,-0.00187133531506431,-0.00378213346210474,-0.00251315517199549,-0.143867460761744,1,0.807103371901066,-0.0505986304421854,0.0332208623773189,0.00811241546458125,-0.0100026327488431,-0.00559355258923828,0.00438854265688026,-0.00141661849464075,0.00245415839009684,-0.00201775088047966,0.00121116109255991,-0.00456025614127438,0.00589597994374116,-0.00475608481175107,-0.00197262220942888,-0.00177419583160792,-0.0012889344757204,-0.000990458784715348,0.00171075623031263,0.000484522468810559,-0.000997906306214025,-0.00761112444972262,0.00299886297258254,-0.000185447248544606,0.00112368125930792,0.000999998728768652,-0.00132009599035249,0.000309787659806565,0.000996700501793456,-0.000868060982667018,-0.001531803181499,0.00631867698858443,0.00154938114005237,0.00441002671324569,0.00162864405811246,-0.00238117648536727,0.00409190222161416,-0.000911206483666559,-0.00344805429895638,-0.00155296880371015,0.0113251118996299,0.0113959316584553,-0.00343919603447393,0.0120176416587033,0.00783325971951918,-0.00365853086670686,-0.00454594002046492,-0.00573468081702064,-0.00461929540018134,0.00588244657942175,0.007103806568484,-0.00493891977416752,0.00360847879652915,0.00560131320364836,0.0067039889607705,-0.00194259047929731,0.000232487769316135,0.00875146109495039,-0.00310162952649736,-0.000982343270152961,0.00385819737240628,-0.00155671218779153,-0.00306494489057385,-0.0022476608133929,-0.00414001431708955,0.00151820055430117,0.00193398916972032,-0.00328522936469123,0.00144920475529618,-0.000507504817086572,-0.00227343574440168,-0.00132276938763819,0.000910400545489904,-0.0038208163919061,-0.00264836325244054,-0.00157503780118818,-0.00753674085919611,-0.00303633697059126,-0.0026375782967103,-0.00282772275795115,0.00226100637732638,0.00979228194980911,0.000579912588528306
